[60 FPS]
580F0000 030E2848
780F0000 00000724
640F0000 00000000 42700000

[Default 30 FPS]
580F0000 02E6FAB8
780F0000 00000724
640F0000 00000000 41F00000

[480p Locked]
08000000 03173858 000001E0 00000358
08000000 03173860 000001E0 00000358
08000000 03173868 000001E0 00000358
08000000 03173870 000001E0 00000358
08000000 03173878 000001E0 00000358

[540p Locked]
08000000 03173858 0000021C 000003C0
08000000 03173860 0000021C 000003C0
08000000 03173868 0000021C 000003C0
08000000 03173870 0000021C 000003C0
08000000 03173878 0000021C 000003C0

[648p Locked]
08000000 03173858 00000288 00000480
08000000 03173860 00000288 00000480
08000000 03173868 00000288 00000480
08000000 03173870 00000288 00000480
08000000 03173878 00000288 00000480

[720p Locked]
08000000 03173858 000002D0 00000500
08000000 03173860 000002D0 00000500
08000000 03173868 000002D0 00000500
08000000 03173870 000002D0 00000500
08000000 03173878 000002D0 00000500

[810p Locked]
08000000 03173858 0000032A 000005A0
08000000 03173860 0000032A 000005A0
08000000 03173868 0000032A 000005A0
08000000 03173870 0000032A 000005A0
08000000 03173878 0000032A 000005A0

[900p Locked]
08000000 03173858 00000384 00000640
08000000 03173860 00000384 00000640
08000000 03173868 00000384 00000640
08000000 03173870 00000384 00000640
08000000 03173878 00000384 00000640

[1080p Locked]
08000000 03173858 00000438 00000780
08000000 03173860 00000438 00000780
08000000 03173868 00000438 00000780
08000000 03173870 00000438 00000780
08000000 03173878 00000438 00000780

[Disable Resolution Lock(Re-enable D RES)]
08000000 03173858 00000288 00000480
08000000 03173860 00000240 00000400
08000000 03173868 000001F8 00000380
08000000 03173870 00000384 00000640
08000000 03173878 00000306 00000560